2112
2176
2240
2304
2368
2431
2494
2557
2619
2680
2741
2801
2860
2919
2977
3034
3090
3144
3198
3251
3302
3352
3401
3449
3495
3540
3583
3625
3665
3704
3741
3776
3809
3841
3871
3900
3926
3951
3973
3994
4013
4030
4045
4058
4069
4078
4085
4090
4093
4095
4093
4090
4085
4078
4069
4058
4045
4030
4013
3994
3973
3951
3926
3900
3871
3841
3809
3776
3741
3704
3665
3625
3583
3540
3495
3449
3401
3352
3302
3251
3198
3144
3090
3034
2977
2919
2860
2801
2741
2680
2619
2557
2494
2431
2368
2304
2240
2176
2112
2048
1984
1920
1856
1792
1728
1665
1602
1539
1477
1416
1355
1295
1236
1177
1119
1062
1006
952
898
845
794
744
695
647
601
556
513
471
431
392
355
320
287
255
225
196
170
145
123
102
83
66
51
38
27
18
11
6
3
1
3
6
11
18
27
38
51
66
83
102
123
145
170
196
225
255
287
320
355
392
431
471
513
556
601
647
695
744
794
845
898
952
1006
1062
1119
1177
1236
1295
1355
1416
1477
1539
1602
1665
1728
1792
1856
1920
1984
2048
2112
2176
2240
2304
2368
2431
2494
2557
2619
2680
2741
2801
2860
2919
2977
3034
3090
3144
3198
3251
3302
3352
3401
3449
3495
3540
3583
3625
3665
3704
3741
3776
3809
3841
3871
3900
3926
3951
3973
3994
4013
4030
4045
4058
4069
4078
4085
4090
4093
4095
4093
4090
4085
4078
4069
4058
4045
4030
4013
3994
3973
3951
3926
3900
3871
3841
3809
3776
3741
3704
3665
3625
3583
3540
3495
3449
3401
3352
3302
3251
3198
3144
3090
3034
2977
2919
2860
2801
2741
2680
2619
2557
2494
2431
2368
2304
2240
2176
2112
2048
1984
1920
1856
1792
1728
1665
1602
1539
1477
1416
1355
1295
1236
1177
1119
1062
1006
952
898
845
794
744
695
647
601
556
513
471
431
392
355
320
287
255
225
196
170
145
123
102
83
66
51
38
27
18
11
6
3
1
3
6
11
18
27
38
51
66
83
102
123
145
170
196
225
255
287
320
355
392
431
471
513
556
601
647
695
744
794
845
898
952
1006
1062
1119
1177
1236
1295
1355
1416
1477
1539
1602
1665
1728
1792
1856
1920
1984
2048
2112
2176
2240
2304
2368
2431
2494
2557
2619
2680
2741
2801
2860
2919
2977
3034
3090
3144
3198
3251
3302
3352
3401
3449
3495
3540
3583
3625
3665
3704
3741
3776
3809
3841
3871
3900
3926
3951
3973
3994
4013
4030
4045
4058
4069
4078
4085
4090
4093
4095
4093
4090
4085
4078
4069
4058
4045
4030
4013
3994
3973
3951
3926
3900
3871
3841
3809
3776
3741
3704
3665
3625
3583
3540
3495
3449
3401
3352
3302
3251
3198
3144
3090
3034
2977
2919
2860
2801
2741
2680
2619
2557
2494
2431
2368
2304
2240
2176
2112
2048
1984
1920
1856
1792
1728
1665
1602
1539
1477
1416
1355
1295
1236
1177
1119
1062
1006
952
898
845
794
744
695
647
601
556
513
471
431
392
355
320
287
255
225
196
170
145
123
102
83
66
51
38
27
18
11
6
3
1
3
6
11
18
27
38
51
66
83
102
123
145
170
196
225
255
287
320
355
392
431
471
513
556
601
647
695
744
794
845
898
952
1006
1062
1119
1177
1236
1295
1355
1416
1477
1539
1602
1665
1728
1792
1856
1920
1984
2048
2112
2176
2240
2304
2368
2431
2494
2557
2619
2680
2741
2801
2860
2919
2977
3034
3090
3144
3198
3251
3302
3352
3401
3449
3495
3540
3583
3625
3665
3704
3741
3776
3809
3841
3871
3900
3926
3951
3973
3994
4013
4030
4045
4058
4069
4078
4085
4090
4093
4095
4093
4090
4085
4078
4069
4058
4045
4030
4013
3994
3973
3951
3926
3900
3871
3841
3809
3776
3741
3704
3665
3625
3583
3540
3495
3449
3401
3352
3302
3251
3198
3144
3090
3034
2977
2919
2860
2801
2741
2680
2619
2557
2494
2431
2368
2304
2240
2176
2112
2048
1984
1920
1856
1792
1728
1665
1602
1539
1477
1416
1355
1295
1236
1177
1119
1062
1006
952
898
845
794
744
695
647
601
556
513
471
431
392
355
320
287
255
225
196
170
145
123
102
83
66
51
38
27
18
11
6
3
1
3
6
11
18
27
38
51
66
83
102
123
145
170
196
225
255
287
320
355
392
431
471
513
556
601
647
695
744
794
845
898
952
1006
1062
1119
1177
1236
1295
1355
1416
1477
1539
1602
1665
1728
1792
1856
1920
1984
2048
2112
2176
2240
2304
2368
2431
2494
2557
2619
2680
2741
2801
2860
2919
2977
3034
3090
3144
3198
3251
3302
3352
3401
3449
3495
3540
3583
3625
3665
3704
3741
3776
3809
3841
3871
3900
3926
3951
3973
3994
4013
4030
4045
4058
4069
4078
4085
4090
4093
4095
4093
4090
4085
4078
4069
4058
4045
4030
4013
3994
3973
3951
3926
3900
3871
3841
3809
3776
3741
3704
3665
3625
3583
3540
3495
3449
3401
3352
3302
3251
3198
3144
3090
3034
2977
2919
2860
2801
2741
2680
2619
2557
2494
2431
2368
2304
2240
2176
2112
2048
1984
1920
1856
1792
1728
1665
1602
1539
1477
1416
1355
1295
1236
1177
1119
1062
1006
952
898
845
794
744
695
647
601
556
513
471
431
392
355
320
287
255
225
196
170
145
123
102
83
66
51
38
27
18
11
6
3
1
3
6
11
18
27
38
51
66
83
102
123
145
170
196
225
255
287
320
355
392
431
471
513
556
601
647
695
744
794
845
898
952
1006
1062
1119
1177
1236
1295
1355
1416
1477
1539
1602
1665
1728
1792
1856
1920
1984
2048
2112
2176
2240
2304
2368
2431
2494
2557
2619
2680
2741
2801
2860
2919
2977
3034
3090
3144
3198
3251
3302
3352
3401
3449
3495
3540
3583
3625
3665
3704
3741
3776
3809
3841
3871
3900
3926
3951
3973
3994
4013
4030
4045
4058
4069
4078
4085
4090
4093
4095
4093
4090
4085
4078
4069
4058
4045
4030
4013
3994
3973
3951
3926
3900
3871
3841
3809
3776
3741
3704
3665
3625
3583
3540
3495
3449
3401
3352
3302
3251
3198
3144
3090
3034
2977
2919
2860
2801
2741
2680
2619
2557
2494
2431
2368
2304
2240
2176
2112
2048
1984
1920
1856
1792
1728
1665
1602
1539
1477
1416
1355
1295
1236
1177
1119
1062
1006
952
898
845
794
744
695
647
601
556
513
471
431
392
355
320
287
255
225
196
170
145
123
102
83
66
51
38
27
18
11
6
3
1
3
6
11
18
27
38
51
66
83
102
123
145
170
196
225
255
287
320
355
392
431
471
513
556
601
647
695
744
794
845
898
952
1006
1062
1119
1177
1236
1295
1355
1416
1477
1539
1602
1665
1728
1792
1856
1920
1984
2048
2112
2176
2240
2304
2368
2431
2494
2557
2619
2680
2741
2801
2860
2919
2977
3034
3090
3144
3198
3251
3302
3352
3401
3449
3495
3540
3583
3625
3665
3704
3741
3776
3809
3841
3871
3900
3926
3951
3973
3994
4013
4030
4045
4058
4069
4078
4085
4090
4093
4095
4093
4090
4085
4078
4069
4058
4045
4030
4013
3994
3973
3951
3926
3900
3871
3841
3809
3776
3741
3704
3665
3625
3583
3540
3495
3449
3401
3352
3302
3251
3198
3144
3090
3034
2977
2919
2860
2801
2741
2680
2619
2557
2494
2431
2368
2304
2240
2176
2112
2048
1984
1920
1856
1792
1728
1665
1602
1539
1477
1416
1355
1295
1236
1177
1119
1062
1006
952
898
845
794
744
695
647
601
556
513
471
431
392
355
320
287
255
225
196
170
145
123
102
83
66
51
38
27
18
11
6
3
1
3
6
11
18
27
38
51
66
83
102
123
145
170
196
225
255
287
320
355
392
431
471
513
556
601
647
695
744
794
845
898
952
1006
1062
1119
1177
1236
1295
1355
1416
1477
1539
1602
1665
1728
1792
1856
1920
1984
2048
2112
2176
2240
2304
2368
2431
2494
2557
2619
2680
2741
2801
2860
2919
2977
3034
3090
3144
3198
3251
3302
3352
3401
3449
3495
3540
3583
3625
3665
3704
3741
3776
3809
3841
3871
3900
3926
3951
3973
3994
4013
4030
4045
4058
4069
4078
4085
4090
4093
4095
4093
4090
4085
4078
4069
4058
4045
4030
4013
3994
3973
3951
3926
3900
3871
3841
3809
3776
3741
3704
3665
3625
3583
3540
3495
3449
3401
3352
3302
3251
3198
3144
3090
3034
2977
2919
2860
2801
2741
2680
2619
2557
2494
2431
2368
2304
2240
2176
2112
2048
1984
1920
1856
1792
1728
1665
1602
1539
1477
1416
1355
1295
1236
1177
1119
1062
1006
952
898
845
794
744
695
647
601
556
513
471
431
392
355
320
287
255
225
196
170
145
123
102
83
66
51
38
27
18
11
6
3
1
3
6
11
18
27
38
51
66
83
102
123
145
170
196
225
255
287
320
355
392
431
471
513
556
601
647
695
744
794
845
898
952
1006
1062
1119
1177
1236
1295
1355
1416
1477
1539
1602
1665
1728
1792
1856
1920
1984
2048
2112
2176
2240
2304
2368
2431
2494
2557
2619
2680
2741
2801
2860
2919
2977
3034
3090
3144
3198
3251
3302
3352
3401
3449
3495
3540
3583
3625
3665
3704
3741
3776
3809
3841
3871
3900
3926
3951
3973
3994
4013
4030
4045
4058
4069
4078
4085
4090
4093
4095
4093
4090
4085
4078
4069
4058
4045
4030
4013
3994
3973
3951
3926
3900
3871
3841
3809
3776
3741
3704
3665
3625
3583
3540
3495
3449
3401
3352
3302
3251
3198
3144
3090
3034
2977
2919
2860
2801
2741
2680
2619
2557
2494
2431
2368
2304
2240
2176
2112
2048
1984
1920
1856
1792
1728
1665
1602
1539
1477
1416
1355
1295
1236
1177
1119
1062
1006
952
898
845
794
744
695
647
601
556
513
471
431
392
355
320
287
255
225
196
170
145
123
102
83
66
51
38
27
18
11
6
3
1
3
6
11
18
27
38
51
66
83
102
123
145
170
196
225
255
287
320
355
392
431
471
513
556
601
647
695
744
794
845
898
952
1006
1062
1119
1177
1236
1295
1355
1416
1477
1539
1602
1665
1728
1792
1856
1920
1984
2048
2112
2176
2240
2304
2368
2431
2494
2557
2619
2680
2741
2801
2860
2919
2977
3034
3090
3144
3198
3251
3302
3352
3401
3449
3495
3540
3583
3625
3665
3704
3741
3776
3809
3841
3871
3900
3926
3951
3973
3994
4013
4030
4045
4058
4069
4078
4085
4090
4093
4095
4093
4090
4085
4078
4069
4058
4045
4030
4013
3994
3973
3951
3926
3900
3871
3841
3809
3776
3741
3704
3665
3625
3583
3540
3495
3449
3401
3352
3302
3251
3198
3144
3090
3034
2977
2919
2860
2801
2741
2680
2619
2557
2494
2431
2368
2304
2240
2176
2112
2048
1984
1920
1856
1792
1728
1665
1602
1539
1477
1416
1355
1295
1236
1177
1119
1062
1006
952
898
845
794
744
695
647
601
556
513
471
431
392
355
320
287
255
225
196
170
145
123
102
83
66
51
38
27
18
11
6
3
1
3
6
11
18
27
38
51
66
83
102
123
145
170
196
225
255
287
320
355
392
431
471
513
556
601
647
695
744
794
845
898
952
1006
1062
1119
1177
1236
1295
1355
1416
1477
1539
1602
1665
1728
1792
1856
1920
1984
2048
2112
2176
2240
2304
2368
2431
2494
2557
2619
2680
2741
2801
2860
2919
2977
3034
3090
3144
3198
3251
3302
3352
3401
3449
3495
3540
3583
3625
3665
3704
3741
3776
3809
3841
3871
3900
3926
3951
3973
3994
4013
4030
4045
4058
4069
4078
4085
4090
4093
4095
4093
4090
4085
4078
4069
4058
4045
4030
4013
3994
3973
3951
3926
3900
3871
3841
3809
3776
3741
3704
3665
3625
3583
3540
3495
3449
3401
3352
3302
3251
3198
3144
3090
3034
2977
2919
2860
2801
2741
2680
2619
2557
2494
2431
2368
2304
2240
2176
2112
2048
1984
1920
1856
1792
1728
1665
1602
1539
1477
1416
1355
1295
1236
1177
1119
1062
1006
952
898
845
794
744
695
647
601
556
513
471
431
392
355
320
287
255
225
196
170
145
123
102
83
66
51
38
27
18
11
6
3
1
3
6
11
18
27
38
51
66
83
102
123
145
170
196
225
255
287
320
355
392
431
471
513
556
601
647
695
744
794
845
898
952
1006
1062
1119
1177
1236
1295
1355
1416
1477
1539
1602
1665
1728
1792
1856
1920
1984
2048
2112
2176
2240
2304
2368
2431
2494
2557
2619
2680
2741
2801
2860
2919
2977
3034
3090
3144
3198
3251
3302
3352
3401
3449
3495
3540
3583
3625
3665
3704
3741
3776
3809
3841
3871
3900
3926
3951
3973
3994
4013
4030
4045
4058
4069
4078
4085
4090
4093
4095
4093
4090
4085
4078
4069
4058
4045
4030
4013
3994
3973
3951
3926
3900
3871
3841
3809
3776
3741
3704
3665
3625
3583
3540
3495
3449
3401
3352
3302
3251
3198
3144
3090
3034
2977
2919
2860
2801
2741
2680
2619
2557
2494
2431
2368
2304
2240
2176
2112
2048
1984
1920
1856
1792
1728
1665
1602
1539
1477
1416
1355
1295
1236
1177
1119
1062
1006
952
898
845
794
744
695
647
601
556
513
471
431
392
355
320
287
255
225
196
170
145
123
102
83
66
51
38
27
18
11
6
3
1
3
6
11
18
27
38
51
66
83
102
123
145
170
196
225
255
287
320
355
392
431
471
513
556
601
647
695
744
794
845
898
952
1006
1062
1119
1177
1236
1295
1355
1416
1477
1539
1602
1665
1728
1792
1856
1920
1984
2048
2112
2176
2240
2304
2368
2431
2494
2557
2619
2680
2741
2801
2860
2919
2977
3034
3090
3144
3198
3251
3302
3352
3401
3449
3495
3540
3583
3625
3665
3704
3741
3776
3809
3841
3871
3900
3926
3951
3973
3994
4013
4030
4045
4058
4069
4078
4085
4090
4093
4095
4093
4090
4085
4078
4069
4058
4045
4030
4013
3994
3973
3951
3926
3900
3871
3841
3809
3776
3741
3704
3665
3625
3583
3540
3495
3449
3401
3352
3302
3251
3198
3144
3090
3034
2977
2919
2860
2801
2741
2680
2619
2557
2494
2431
2368
2304
2240
2176
2112
2048
1984
1920
1856
1792
1728
1665
1602
1539
1477
1416
1355
1295
1236
1177
1119
1062
1006
952
898
845
794
744
695
647
601
556
513
471
431
392
355
320
287
255
225
196
170
145
123
102
83
66
51
38
27
18
11
6
3
1
3
6
11
18
27
38
51
66
83
102
123
145
170
196
225
255
287
320
355
392
431
471
513
556
601
647
695
744
794
845
898
952
1006
1062
1119
1177
1236
1295
1355
1416
1477
1539
1602
1665
1728
1792
1856
1920
1984
2048
2112
2176
2240
2304
2368
2431
2494
2557
2619
2680
2741
2801
2860
2919
2977
3034
3090
3144
3198
3251
3302
3352
3401
3449
3495
3540
3583
3625
3665
3704
3741
3776
3809
3841
3871
3900
3926
3951
3973
3994
4013
4030
4045
4058
4069
4078
4085
4090
4093
4095
4093
4090
4085
4078
4069
4058
4045
4030
4013
3994
3973
3951
3926
3900
3871
3841
3809
3776
3741
3704
3665
3625
3583
3540
3495
3449
3401
3352
3302
3251
3198
3144
3090
3034
2977
2919
2860
2801
2741
2680
2619
2557
2494
2431
2368
2304
2240
2176
2112
2048
1984
1920
1856
1792
1728
1665
1602
1539
1477
1416
1355
1295
1236
1177
1119
1062
1006
952
898
845
794
744
695
647
601
556
513
471
431
392
355
320
287
255
225
196
170
145
123
102
83
66
51
38
27
18
11
6
3
1
3
6
11
18
27
38
51
66
83
102
123
145
170
196
225
255
287
320
355
392
431
471
513
556
601
647
695
744
794
845
898
952
1006
1062
1119
1177
1236
1295
1355
1416
1477
1539
1602
1665
1728
1792
1856
1920
1984
2048
2112
2176
2240
2304
2368
2431
2494
2557
2619
2680
2741
2801
2860
2919
2977
3034
3090
3144
3198
3251
3302
3352
3401
3449
3495
3540
3583
3625
3665
3704
3741
3776
3809
3841
3871
3900
3926
3951
3973
3994
4013
4030
4045
4058
4069
4078
4085
4090
4093
4095
4093
4090
4085
4078
4069
4058
4045
4030
4013
3994
3973
3951
3926
3900
3871
3841
3809
3776
3741
3704
3665
3625
3583
3540
3495
3449
3401
3352
3302
3251
3198
3144
3090
3034
2977
2919
2860
2801
2741
2680
2619
2557
2494
2431
2368
2304
2240
2176
2112
2048
1984
1920
1856
1792
1728
1665
1602
1539
1477
1416
1355
1295
1236
1177
1119
1062
1006
952
898
845
794
744
695
647
601
556
513
471
431
392
355
320
287
255
225
196
170
145
123
102
83
66
51
38
27
18
11
6
3
1
3
6
11
18
27
38
51
66
83
102
123
145
170
196
225
255
287
320
355
392
431
471
513
556
601
647
695
744
794
845
898
952
1006
1062
1119
1177
1236
1295
1355
1416
1477
1539
1602
1665
1728
1792
1856
1920
1984
2048
2112
2176
2240
2304
2368
2431
2494
2557
2619
2680
2741
2801
2860
2919
2977
3034
3090
3144
3198
3251
3302
3352
3401
3449
3495
3540
3583
3625
3665
3704
3741
3776
3809
3841
3871
3900
3926
3951
3973
3994
4013
4030
4045
4058
4069
4078
4085
4090
4093
4095
4093
4090
4085
4078
4069
4058
4045
4030
4013
3994
3973
3951
3926
3900
3871
3841
3809
3776
3741
3704
3665
3625
3583
3540
3495
3449
3401
3352
3302
3251
3198
3144
3090
3034
2977
2919
2860
2801
2741
2680
2619
2557
2494
2431
2368
2304
2240
2176
2112
2048
1984
1920
1856
1792
1728
1665
1602
1539
1477
1416
1355
1295
1236
1177
1119
1062
1006
952
898
845
794
744
695
647
601
556
513
471
431
392
355
320
287
255
225
196
170
145
123
102
83
66
51
38
27
18
11
6
3
1
3
6
11
18
27
38
51
66
83
102
123
145
170
196
225
255
287
320
355
392
431
471
513
556
601
647
695
744
794
845
898
952
1006
1062
1119
1177
1236
1295
1355
1416
1477
1539
1602
1665
1728
1792
1856
1920
1984
2048
2112
2176
2240
2304
2368
2431
2494
2557
2619
2680
2741
2801
2860
2919
2977
3034
3090
3144
3198
3251
3302
3352
3401
3449
3495
3540
3583
3625
3665
3704
3741
3776
3809
3841
3871
3900
3926
3951
3973
3994
4013
4030
4045
4058
4069
4078
4085
4090
4093
4095
4093
4090
4085
4078
4069
4058
4045
4030
4013
3994
3973
3951
3926
3900
3871
3841
3809
3776
3741
3704
3665
3625
3583
3540
3495
3449
3401
3352
3302
3251
3198
3144
3090
3034
2977
2919
2860
2801
2741
2680
2619
2557
2494
2431
2368
2304
2240
2176
2112
2048
1984
1920
1856
1792
1728
1665
1602
1539
1477
1416
1355
1295
1236
1177
1119
1062
1006
952
898
845
794
744
695
647
601
556
513
471
431
392
355
320
287
255
225
196
170
145
123
102
83
66
51
38
27
18
11
6
3
1
3
6
11
18
27
38
51
66
83
102
123
145
170
196
225
255
287
320
355
392
431
471
513
556
601
647
695
744
794
845
898
952
1006
1062
1119
1177
1236
1295
1355
1416
1477
1539
1602
1665
1728
1792
1856
1920
1984
2048
2112
2176
2240
2304
2368
2431
2494
2557
2619
2680
2741
2801
2860
2919
2977
3034
3090
3144
3198
3251
3302
3352
3401
3449
3495
3540
3583
3625
3665
3704
3741
3776
3809
3841
3871
3900
3926
3951
3973
3994
4013
4030
4045
4058
4069
4078
4085
4090
4093
4095
4093
4090
4085
4078
4069
4058
4045
4030
4013
3994
3973
3951
3926
3900
3871
3841
3809
3776
3741
3704
3665
3625
3583
3540
3495
3449
3401
3352
3302
3251
3198
3144
3090
3034
2977
2919
2860
2801
2741
2680
2619
2557
2494
2431
2368
2304
2240
2176
2112
2048
1984
1920
1856
1792
1728
1665
1602
1539
1477
1416
1355
1295
1236
1177
1119
1062
1006
952
898
845
794
744
695
647
601
556
513
471
431
392
355
320
287
255
225
196
170
145
123
102
83
66
51
38
27
18
11
6
3
1
3
6
11
18
27
38
51
66
83
102
123
145
170
196
225
255
287
320
355
392
431
471
513
556
601
647
695
744
794
845
898
952
1006
1062
1119
1177
1236
1295
1355
1416
1477
1539
1602
1665
1728
1792
1856
1920
1984
2048
2112
2176
2240
2304
2368
2431
2494
2557
2619
2680
2741
2801
2860
2919
2977
3034
3090
3144
3198
3251
3302
3352
3401
3449
3495
3540
3583
3625
3665
3704
3741
3776
3809
3841
3871
3900
3926
3951
3973
3994
4013
4030
4045
4058
4069
4078
4085
4090
4093
4095
4093
4090
4085
4078
4069
4058
4045
4030
4013
3994
3973
3951
3926
3900
3871
3841
3809
3776
3741
3704
3665
3625
3583
3540
3495
3449
3401
3352
3302
3251
3198
3144
3090
3034
2977
2919
2860
2801
2741
2680
2619
2557
2494
2431
2368
2304
2240
2176
2112
2048
1984
1920
1856
1792
1728
1665
1602
1539
1477
1416
1355
1295
1236
1177
1119
1062
1006
952
898
845
794
744
695
647
601
556
513
471
431
392
355
320
287
255
225
196
170
145
123
102
83
66
51
38
27
18
11
6
3
1
3
6
11
18
27
38
51
66
83
102
123
145
170
196
225
255
287
320
355
392
431
471
513
556
601
647
695
744
794
845
898
952
1006
1062
1119
1177
1236
1295
1355
1416
1477
1539
1602
1665
1728
1792
1856
1920
1984
2048
2112
2176
2240
2304
2368
2431
2494
2557
2619
2680
2741
2801
2860
2919
2977
3034
3090
3144
3198
3251
3302
3352
3401
3449
3495
3540
3583
3625
3665
3704
3741
3776
3809
3841
3871
3900
3926
3951
3973
3994
4013
4030
4045
4058
4069
4078
4085
4090
4093
4095
4093
4090
4085
4078
4069
4058
4045
4030
4013
3994
3973
3951
3926
3900
3871
3841
3809
3776
3741
3704
3665
3625
3583
3540
3495
3449
3401
3352
3302
3251
3198
3144
3090
3034
2977
2919
2860
2801
2741
2680
2619
2557
2494
2431
2368
2304
2240
2176
2112
2048
1984
1920
1856
1792
1728
1665
1602
1539
1477
1416
1355
1295
1236
1177
1119
1062
1006
952
898
845
794
744
695
647
601
556
513
471
431
392
355
320
287
255
225
196
170
145
123
102
83
66
51
38
27
18
11
6
3
1
3
6
11
18
27
38
51
66
83
102
123
145
170
196
225
255
287
320
355
392
431
471
513
556
601
647
695
744
794
845
898
952
1006
1062
1119
1177
1236
1295
1355
1416
1477
1539
1602
1665
1728
1792
1856
1920
1984
2048
2112
2176
2240
2304
2368
2431
2494
2557
2619
2680
2741
2801
2860
2919
2977
3034
3090
3144
3198
3251
3302
3352
3401
3449
3495
3540
3583
3625
3665
3704
3741
3776
3809
3841
3871
3900
3926
3951
3973
3994
4013
4030
4045
4058
4069
4078
4085
4090
4093
4095
4093
4090
4085
4078
4069
4058
4045
4030
4013
3994
3973
3951
3926
3900
3871
3841
3809
3776
3741
3704
3665
3625
3583
3540
3495
3449
3401
3352
3302
3251
3198
3144
3090
3034
2977
2919
2860
2801
2741
2680
2619
2557
2494
2431
2368
2304
